1.8213 1.7536 	3
1.7912 1.5891 	3
1.9096 1.7743 	3
1.4608 1.7787 	3
1.8757 1.7998 	3
1.8895 1.885 	3
1.5918 1.4318 	3
1.9425 1.7688 	3
1.7126 1.6693 	3
1.5105 1.7477 	3
1.5313 1.6151 	3
1.6829 1.8145 	3
1.7588 1.5518 	3
1.9026 1.7241 	3
1.9032 1.5689 	3
1.6083 1.6241 	3
1.6961 1.5979 	3
1.5847 1.4226 	3
1.5601 1.7522 	3
1.6861 1.699 	3
1.6948 1.7411 	3
1.6448 1.6319 	3
1.7761 1.6674 	3
1.7398 1.6001 	3
1.6691 1.8131 	3
1.5942 1.7374 	3
1.6793 1.7106 	3
1.6634 1.4603 	3
1.6913 1.8942 	3
1.7947 1.6729 	3
1.6524 1.7511 	3
1.6601 1.6539 	3
1.7172 1.8767 	3
1.5824 1.7931 	3
1.5579 1.838 	3
1.4949 1.692 	3
1.7175 1.6669 	3
1.6836 1.5309 	3
1.5636 1.6181 	3
1.7577 1.6467 	3
1.9099 1.7375 	3
1.5678 1.6632 	3
1.6252 1.7329 	3
1.6813 1.6851 	3
1.6146 1.7119 	3
1.5223 1.7965 	3
1.5379 1.6373 	3
1.6491 1.751 	3
1.6757 1.9373 	3
1.9209 1.7983 	3
1.7219 1.619 	3
1.6765 1.5443 	3
1.6613 1.6611 	3
1.8377 1.8142 	3
1.7184 1.6834 	3
1.7208 1.8158 	3
1.8408 1.7609 	3
1.8222 1.8049 	3
1.7821 1.8452 	3
1.8737 1.7255 	3
1.6692 1.7483 	3
1.8396 1.872 	3
1.6394 1.834 	3
1.6876 1.678 	3
1.7804 1.8365 	3
1.3145 2.1253 	0
1.3924 2.6383 	0
1.3125 2.8944 	0
1.4504 2.6988 	0
1.3823 2.1842 	0
1.4546 2.1518 	0
1.1049 2.3487 	0
1.0767 2.6396 	0
1.2584 2.1766 	0
1.1667 2.2534 	0
1.2893 1.8964 	3
1.1958 2.1522 	0
1.3494 2.6496 	0
1.3221 2.4746 	0
1.1048 2.507 	0
1.1686 2.4336 	0
1.2509 2.2104 	0
1.3587 2.5599 	0
1.2474 2.723 	0
1.5367 2.223 	0
1.2961 2.2223 	0
1.4126 2.625 	0
1.2224 2.3602 	0
1.1387 2.7315 	0
1.2627 2.4625 	0
1.1112 2.5782 	0
1.3935 2.5724 	0
1.0866 2.5617 	0
1.0846 2.5371 	0
1.0946 2.6798 	0
1.4713 2.888 	0
1.5075 2.3105 	0
1.3664 2.7278 	0
1.1389 2.5504 	0
1.4144 2.178 	0
2.1237 1.5556 	1
2.2988 1.5049 	1
2.0524 1.4964 	1
2.1544 1.5504 	1
2.2691 1.2368 	1
2.0874 1.416 	1
2.1266 1.5271 	1
2.4112 1.5187 	1
2.4462 1.4211 	1
2.2707 1.5742 	1
2.2264 1.4151 	1
2.2026 1.2629 	1
2.2503 1.1623 	1
2.3346 1.4205 	1
2.2924 0.9505 	1
2.2055 1.4498 	1
2.3683 1.4358 	1
2.2931 1.0793 	1
2.3628 1.3738 	1
2.3898 1.5198 	1
2.2841 1.4651 	1
2.238 1.3355 	1
2.2293 1.2093 	1
2.3432 1.647 	1
2.193 1.2997 	1
2.4337 1.4079 	1
2.0851 1.0598 	1
2.1088 1.2473 	1
2.0626 1.4863 	1
2.2179 1.406 	1
2.2416 1.5956 	1
2.3034 1.5636 	1
2.4299 1.3537 	1
2.3279 1.4256 	1
2.1521 1.3523 	1
2.2834 1.1953 	1
2.4734 1.1737 	1
2.1685 1.1661 	1
2.4371 1.2639 	1
2.1987 1.5626 	1
2.0667 1.5345 	1
2.3257 1.2281 	1
2.1608 1.6459 	1
2.1129 1.2784 	1
2.4491 1.4434 	1
2.2309 1.2336 	1
2.3531 1.0362 	1
2.2209 1.8031 	1
2.2867 1.7258 	1
2.3255 1.4347 	1
2.4308 1.3643 	1
2.2035 1.6864 	1
2.1839 1.5615 	1
2.2055 1.5487 	1
2.4569 1.234 	1
2.3986 1.6066 	1
2.1854 1.4724 	1
2.2932 1.1545 	1
2.2491 1.3679 	1
2.1995 1.0092 	1
2.0272 2.2493 	2
1.9573 2.4079 	2
2.0689 1.992 	2
2.165 2.436 	2
2.1572 2.2702 	2
2.1464 2.2717 	2
2.2691 2.2728 	2
2.252 2.3135 	2
2.1678 2.285 	2
2.0173 2.132 	2
2.1482 2.2943 	2
2.0292 2.3515 	2
2.1648 2.0915 	2
2.2055 2.0866 	2
2.2018 2.3124 	2
2.081 2.2794 	2
2.0693 2.2526 	2
2.2066 2.3989 	2
2.2541 2.0195 	2
2.1885 2.3533 	2
2.1489 2.3573 	2
2.2546 2.4132 	2
2.3163 2.3698 	2
1.9266 2.1262 	2
2.2425 2.1281 	2
2.0681 2.3358 	2
2.1527 2.383 	2
1.969 2.3099 	2
1.9294 2.0697 	2
2.1897 2.2325 	2
1.9974 2.2134 	2
2.0714 2.138 	2
2.1836 2.0638 	2
2.1923 2.0969 	2
2.2214 2.2929 	2
2.2524 2.1635 	2
2.2418 2.1159 	2
2.2715 2.0846 	2
2.1884 2.1583 	2
2.0456 2.269 	2
2.1045 2.3713 	2
2.1355 2.3767 	2
2.0858 2.2586 	2
2.2038 2.3895 	2
2.2338 2.214 	2
